0 1
0.00365322 0.999982
0.00734319 0.999928
0.0110703 0.99984
0.0148349 0.999721
0.0186373 0.999579
0.0224781 0.999417
0.0263574 0.999242
0.0302758 0.999059
0.0342336 0.998873
0.0382312 0.998686
0.042269 0.998501
0.0463475 0.998318
0.050467 0.99814
0.0546279 0.997966
0.0588307 0.997795
0.0630758 0.997628
0.0673636 0.997465
0.0716945 0.997306
0.076069 0.997149
0.0804875 0.996995
0.0849504 0.996844
0.0894583 0.996695
0.0940114 0.996548
0.0986104 0.996403
0.103256 0.99626
0.107948 0.996119
0.112687 0.995979
0.117474 0.995841
0.122309 0.995704
0.127193 0.995568
0.132125 0.995433
0.137108 0.995299
0.14214 0.995166
0.147224 0.995034
0.152358 0.994902
0.157544 0.994772
0.162782 0.994642
0.168073 0.994512
0.173417 0.994383
0.178815 0.994255
0.184267 0.994127
0.189774 0.994
0.195336 0.993872
0.200955 0.993745
0.20663 0.993619
0.212362 0.993492
0.218151 0.993366
0.223999 0.99324
0.229906 0.993114
0.235872 0.992989
0.241898 0.992863
0.247985 0.992737
0.254133 0.992612
0.260343 0.992486
0.266615 0.992361
0.27295 0.992235
0.27935 0.99211
0.285813 0.991984
0.292342 0.991858
0.298936 0.991732
0.305597 0.991606
0.312324 0.99148
0.31912 0.991354
0.325983 0.991228
0.332916 0.991101
0.339918 0.990974
0.346991 0.990847
0.354135 0.99072
0.361351 0.990592
0.36864 0.990464
0.376002 0.990336
0.383437 0.990208
0.390948 0.990079
0.398534 0.98995
0.406197 0.989821
0.413937 0.989691
0.421754 0.989561
0.42965 0.989431
0.437626 0.9893
0.445682 0.989169
0.453819 0.989037
0.462038 0.988905
0.470339 0.988773
0.478724 0.98864
0.487193 0.988507
0.495748 0.988374
0.504388 0.988239
0.513116 0.988105
0.521931 0.98797
0.530835 0.987834
0.539829 0.987698
0.548913 0.987562
0.558088 0.987425
0.567356 0.987287
0.576717 0.987149
0.586172 0.987011
0.595722 0.986871
0.605369 0.986732
0.615112 0.986591
0.624954 0.986451
0.634894 0.986309
0.644934 0.986167
0.655076 0.986025
0.665319 0.985881
0.675666 0.985738
0.686116 0.985593
0.696672 0.985448
0.707334 0.985302
0.718103 0.985156
0.728981 0.985009
0.739968 0.984861
0.751065 0.984713
0.762274 0.984564
0.773596 0.984414
0.785032 0.984264
0.796583 0.984113
0.80825 0.983961
0.820035 0.983808
0.831937 0.983655
0.84396 0.983501
0.856104 0.983346
0.86837 0.983191
0.880759 0.983034
0.893273 0.982877
0.905913 0.98272
0.91868 0.982561
0.931575 0.982402
0.9446 0.982241
0.957756 0.98208
0.971045 0.981919
0.984467 0.981756
0.998024 0.981593
1.01172 0.981428
1.02555 0.981263
1.03952 0.981097
1.05363 0.98093
1.06788 0.980763
1.08228 0.980594
1.09682 0.980425
1.11151 0.980254
1.12634 0.980083
1.14133 0.979911
1.15646 0.979738
1.17175 0.979564
1.18719 0.979389
1.20279 0.979213
1.21854 0.979036
1.23446 0.978858
1.25053 0.97868
1.26676 0.9785
1.28316 0.978319
1.29972 0.978138
1.31645 0.977955
1.33335 0.977771
1.35041 0.977586
1.36765 0.977401
1.38507 0.977214
1.40265 0.977026
1.42042 0.976837
1.43836 0.976647
1.45648 0.976456
1.47479 0.976264
1.49328 0.976071
1.51196 0.975877
1.53082 0.975682
1.54987 0.975485
1.56912 0.975288
1.58856 0.975089
1.60819 0.974889
1.62802 0.974688
1.64806 0.974486
1.66829 0.974283
1.68873 0.974078
1.70937 0.973873
1.73022 0.973666
1.75128 0.973458
1.77255 0.973249
1.79403 0.973038
1.81574 0.972827
1.83766 0.972614
1.8598 0.972399
1.88216 0.972184
1.90475 0.971967
1.92756 0.971749
1.95061 0.97153
1.97389 0.97131
1.9974 0.971088
2.02114 0.970865
2.04513 0.97064
2.06936 0.970415
2.09383 0.970187
2.11855 0.969959
2.14351 0.969729
2.16873 0.969498
2.1942 0.969265
2.21993 0.969031
2.24592 0.968796
2.27216 0.968559
2.29868 0.968321
2.32545 0.968081
2.3525 0.96784
2.37982 0.967598
2.40742 0.967354
2.43529 0.967108
2.46344 0.966861
2.49188 0.966613
2.5206 0.966363
2.54961 0.966111
2.57892 0.965858
2.60851 0.965604
2.63841 0.965348
2.66861 0.96509
2.69911 0.964831
2.72991 0.96457
2.76103 0.964307
2.79246 0.964043
2.82421 0.963778
2.85627 0.963511
2.88866 0.963242
2.92137 0.962971
2.95442 0.962699
2.98779 0.962425
3.0215 0.962149
3.05555 0.961872
3.08995 0.961593
3.12468 0.961312
3.15977 0.96103
3.19521 0.960746
3.23101 0.96046
3.26717 0.960172
3.30369 0.959882
3.34058 0.959591
3.37784 0.959298
3.41548 0.959003
3.45349 0.958706
3.49189 0.958407
3.53067 0.958107
3.56984 0.957804
3.60941 0.9575
3.64937 0.957194
3.68974 0.956886
3.73051 0.956576
3.7717 0.956264
3.8133 0.95595
3.85531 0.955634
3.89775 0.955316
3.94062 0.954997
3.98391 0.954675
4.02765 0.954351
4.07182 0.954025
4.11643 0.953697
4.1615 0.953367
4.20702 0.953035
4.253 0.952701
4.29944 0.952364
4.34634 0.952026
4.39372 0.951685
4.44158 0.951343
4.48991 0.950998
4.53874 0.950651
4.58805 0.950301
4.63786 0.94995
4.68817 0.949596
4.73899 0.94924
4.79032 0.948882
4.84216 0.948522
4.89453 0.948159
4.94742 0.947794
5.00085 0.947427
5.05481 0.947057
5.10932 0.946685
5.16437 0.946311
5.21998 0.945934
5.27615 0.945555
5.33288 0.945173
5.39019 0.944789
5.44807 0.944403
5.50653 0.944014
5.56558 0.943623
5.62522 0.943229
5.68547 0.942832
5.74632 0.942433
5.80778 0.942032
5.86986 0.941628
5.93257 0.941221
5.9959 0.940812
6.05988 0.9404
6.12449 0.939986
6.18976 0.939569
6.25569 0.939149
6.32227 0.938727
6.38953 0.938302
6.45746 0.937874
6.52608 0.937443
6.59539 0.93701
6.66539 0.936574
6.7361 0.936135
6.80752 0.935693
6.87966 0.935249
6.95253 0.934801
7.02612 0.934351
7.10046 0.933898
7.17555 0.933442
7.25139 0.932983
7.32799 0.932521
7.40537 0.932056
7.48352 0.931588
7.56246 0.931117
7.64219 0.930643
7.72273 0.930166
7.80408 0.929686
7.88624 0.929203
7.96923 0.928717
8.05306 0.928228
8.13773 0.927735
8.22325 0.92724
8.30963 0.926741
8.39688 0.926239
8.48501 0.925734
8.57402 0.925225
8.66393 0.924714
8.75475 0.924199
8.84647 0.92368
8.93913 0.923159
9.03271 0.922634
9.12723 0.922105
9.22271 0.921573
9.31915 0.921038
9.41655 0.920499
9.51494 0.919957
9.61431 0.919412
9.71469 0.918863
9.81608 0.91831
9.91848 0.917754
10.0219 0.917194
10.1264 0.91663
10.2319 0.916063
10.3385 0.915493
10.4462 0.914918
10.5549 0.91434
10.6648 0.913759
10.7757 0.913173
10.8878 0.912584
11.0009 0.911991
11.1153 0.911394
11.2307 0.910793
11.3474 0.910189
11.4652 0.90958
11.5842 0.908968
11.7044 0.908351
11.8258 0.907731
11.9484 0.907107
12.0723 0.906478
12.1974 0.905846
12.3237 0.90521
12.4514 0.904569
12.5803 0.903925
12.7105 0.903276
12.842 0.902623
12.9749 0.901966
13.1091 0.901304
13.2446 0.900639
13.3815 0.899969
13.5198 0.899295
13.6594 0.898616
13.8005 0.897933
13.943 0.897246
14.0869 0.896555
14.2323 0.895858
14.3791 0.895158
14.5274 0.894453
14.6772 0.893743
14.8285 0.893029
14.9814 0.89231
15.1357 0.891587
15.2917 0.890859
15.4492 0.890126
15.6082 0.889389
15.7689 0.888647
15.9312 0.8879
16.0951 0.887149
16.2607 0.886392
16.4279 0.885631
16.5969 0.884865
16.7675 0.884094
16.9398 0.883318
17.1139 0.882537
17.2897 0.881751
17.4673 0.88096
17.6467 0.880164
17.8279 0.879363
18.0109 0.878557
18.1957 0.877746
18.3824 0.876929
18.571 0.876108
18.7615 0.875281
18.9539 0.874449
19.1482 0.873611
19.3445 0.872768
19.5428 0.87192
19.7431 0.871067
19.9453 0.870208
20.1496 0.869343
20.356 0.868473
20.5645 0.867598
20.775 0.866717
20.9876 0.86583
21.2024 0.864938
21.4194 0.86404
21.6385 0.863136
21.8599 0.862227
22.0834 0.861312
22.3093 0.860391
22.5374 0.859464
22.7677 0.858532
23.0004 0.857593
23.2355 0.856649
23.4729 0.855698
23.7127 0.854742
23.9549 0.85378
24.1995 0.852811
24.4467 0.851837
24.6962 0.850856
24.9484 0.849869
25.203 0.848876
25.4602 0.847877
25.72 0.846871
25.9824 0.845859
26.2474 0.844841
26.5151 0.843816
26.7855 0.842785
27.0587 0.841748
27.3345 0.840704
27.6132 0.839653
27.8946 0.838596
28.1789 0.837532
28.4661 0.836462
28.7561 0.835385
29.049 0.834301
29.3449 0.833211
29.6438 0.832114
29.9457 0.83101
30.2506 0.829899
30.5586 0.828781
30.8697 0.827656
31.1839 0.826525
31.5012 0.825386
31.8218 0.82424
32.1456 0.823087
32.4726 0.821927
32.803 0.82076
33.1366 0.819586
33.4737 0.818404
33.8141 0.817216
34.1579 0.816019
34.5052 0.814816
34.856 0.813605
35.2103 0.812387
35.5682 0.811161
35.9296 0.809928
36.2948 0.808687
36.6635 0.807439
37.036 0.806183
37.4123 0.804919
37.7923 0.803648
38.1762 0.802369
38.5639 0.801082
38.9555 0.799788
39.3511 0.798485
39.7506 0.797175
40.1542 0.795857
40.5618 0.794531
40.9735 0.793197
41.3893 0.791854
41.8094 0.790504
42.2337 0.789146
42.6622 0.787779
43.095 0.786405
43.5322 0.785022
43.9738 0.78363
44.4199 0.782231
44.8704 0.780823
45.3255 0.779407
45.7851 0.777982
46.2494 0.776549
46.7183 0.775108
47.192 0.773658
47.6704 0.772199
48.1536 0.770732
48.6417 0.769256
49.1347 0.767771
49.6327 0.766278
50.1356 0.764776
50.6437 0.763265
51.1568 0.761746
51.6751 0.760217
52.1986 0.75868
52.7274 0.757134
53.2615 0.755578
53.801 0.754014
54.3459 0.752441
54.8963 0.750858
55.4522 0.749267
56.0137 0.747666
56.5809 0.746057
57.1538 0.744437
57.7324 0.742809
58.3169 0.741172
58.9072 0.739525
59.5035 0.737868
60.1058 0.736203
60.7141 0.734528
61.3286 0.732843
61.9492 0.731149
62.5761 0.729446
63.2093 0.727733
63.8488 0.72601
64.4948 0.724278
65.1473 0.722536
65.8063 0.720784
66.472 0.719023
67.1444 0.717252
67.8235 0.715471
68.5095 0.713681
69.2024 0.71188
69.9023 0.71007
70.6091 0.70825
71.3231 0.70642
72.0443 0.70458
72.7728 0.70273
73.5085 0.70087
74.2517 0.699
75.0023 0.697121
75.7605 0.695231
76.5264 0.69333
77.2999 0.69142
78.0812 0.6895
78.8704 0.687569
79.6675 0.685629
80.4726 0.683678
81.2859 0.681717
82.1073 0.679746
82.9369 0.677764
83.775 0.675772
84.6214 0.67377
85.4764 0.671758
86.34 0.669735
87.2122 0.667702
88.0932 0.665658
88.9831 0.663604
89.882 0.66154
90.7899 0.659465
91.7069 0.65738
92.6332 0.655285
93.5687 0.653179
94.5137 0.651063
95.4682 0.648936
96.4323 0.646799
97.4061 0.644651
98.3897 0.642493
99.3831 0.640324
100.387 0.638145
101.4 0.635955
102.424 0.633755
103.458 0.631544
104.502 0.629323
105.557 0.627091
106.623 0.624849
107.699 0.622597
108.787 0.620334
109.885 0.61806
110.994 0.615776
112.114 0.613481
113.246 0.611176
114.388 0.608861
115.543 0.606535
116.709 0.604199
117.887 0.601852
119.076 0.599495
120.278 0.597128
121.492 0.59475
122.718 0.592362
123.956 0.589963
125.206 0.587555
126.47 0.585136
127.746 0.582706
129.034 0.580267
130.336 0.577817
131.651 0.575357
132.979 0.572887
134.321 0.570407
135.676 0.567917
137.044 0.565416
138.427 0.562906
139.823 0.560386
141.233 0.557856
142.658 0.555316
144.096 0.552766
145.55 0.550206
147.018 0.547637
148.5 0.545058
149.998 0.542469
151.511 0.53987
153.039 0.537262
154.582 0.534645
156.141 0.532018
157.715 0.529382
159.305 0.526736
160.912 0.524082
162.534 0.521418
164.173 0.518745
165.828 0.516062
167.5 0.513371
169.189 0.510671
170.895 0.507962
172.618 0.505245
174.358 0.502518
176.116 0.499784
177.891 0.49704
179.684 0.494288
181.496 0.491528
183.325 0.48876
185.173 0.485983
187.04 0.483199
188.925 0.480406
190.829 0.477606
192.753 0.474798
194.696 0.471982
196.658 0.469159
198.64 0.466328
200.642 0.46349
202.664 0.460644
204.707 0.457792
206.77 0.454932
208.854 0.452066
210.958 0.449193
213.084 0.446314
215.232 0.443427
217.401 0.440535
219.591 0.437636
221.804 0.434732
224.039 0.431821
226.297 0.428904
228.577 0.425982
230.88 0.423054
233.207 0.420121
235.556 0.417183
237.93 0.41424
240.327 0.411292
242.748 0.408339
245.194 0.405381
247.665 0.402419
250.16 0.399453
252.68 0.396482
255.226 0.393508
257.797 0.39053
260.394 0.387548
263.018 0.384564
265.667 0.381575
268.344 0.378584
271.047 0.37559
273.777 0.372593
276.535 0.369594
279.321 0.366593
282.135 0.363589
284.977 0.360584
287.847 0.357577
290.747 0.354569
293.675 0.351559
296.633 0.348548
299.621 0.345537
302.639 0.342525
305.688 0.339512
308.767 0.3365
311.876 0.333487
315.018 0.330475
318.19 0.327463
321.395 0.324452
324.632 0.321441
327.902 0.318432
331.204 0.315425
334.54 0.312419
337.909 0.309415
341.312 0.306413
344.75 0.303414
348.221 0.300417
351.728 0.297423
355.27 0.294432
358.848 0.291445
362.462 0.288461
366.112 0.285481
369.799 0.282505
373.523 0.279534
377.284 0.276567
381.084 0.273606
384.921 0.270649
388.797 0.267698
392.712 0.264753
396.667 0.261814
400.661 0.25888
404.695 0.255954
408.77 0.253034
412.886 0.250122
417.044 0.247216
421.243 0.244319
425.484 0.241429
429.768 0.238547
434.096 0.235674
438.466 0.23281
442.881 0.229954
447.34 0.227108
451.844 0.224272
456.394 0.221445
460.989 0.218628
465.63 0.215822
470.318 0.213026
475.053 0.210242
479.836 0.207468
484.667 0.204706
489.547 0.201956
494.475 0.199218
499.453 0.196492
504.482 0.193779
509.561 0.191079
514.691 0.188392
519.872 0.185718
525.106 0.183058
530.392 0.180412
535.732 0.17778
541.125 0.175163
546.573 0.17256
552.075 0.169973
557.633 0.167401
563.246 0.164844
568.916 0.162303
574.643 0.159778
580.428 0.157269
586.271 0.154777
592.173 0.152302
598.134 0.149844
604.155 0.147403
610.236 0.144979
616.379 0.142573
622.584 0.140186
628.851 0.137816
635.181 0.135465
641.575 0.133133
648.033 0.130819
654.556 0.128524
661.145 0.126249
667.799 0.123993
674.521 0.121757
681.311 0.119541
688.169 0.117345
695.096 0.115169
702.092 0.113014
709.159 0.110879
716.297 0.108765
723.507 0.106672
730.789 0.1046
738.145 0.102549
745.574 0.10052
753.079 0.0985118
760.658 0.0965258
768.315 0.0945616
776.048 0.0926194
783.859 0.0906992
791.748 0.0888012
799.717 0.0869256
807.766 0.0850723
815.896 0.0832416
824.108 0.0814334
832.402 0.079648
840.78 0.0778853
849.242 0.0761454
857.789 0.0744284
866.423 0.0727343
875.143 0.0710633
883.951 0.0694153
892.847 0.0677904
901.833 0.0661886
910.909 0.0646099
920.077 0.0630543
929.337 0.061522
938.69 0.0600127
948.137 0.0585267
957.679 0.0570637
967.317 0.0556239
977.052 0.0542072
986.886 0.0528135
996.818 0.0514429
1006.85 0.0500952
1016.98 0.0487704
1027.22 0.0474685
1037.55 0.0461893
1048 0.0449329
1058.54 0.0436991
1069.2 0.0424878
1079.96 0.041299
1090.82 0.0401325
1101.8 0.0389882
1112.89 0.037866
1124.09 0.0367657
1135.4 0.0356874
1146.83 0.0346307
1158.37 0.0335956
1170.03 0.0325819
1181.8 0.0315895
1193.69 0.0306182
1205.71 0.0296678
1217.84 0.0287382
1230.1 0.0278291
1242.47 0.0269405
1254.98 0.026072
1267.61 0.0252235
1280.36 0.0243949
1293.25 0.0235858
1306.26 0.0227962
1319.41 0.0220257
1332.68 0.0212742
1346.09 0.0205414
1359.64 0.019827
1373.32 0.019131
1387.14 0.018453
1401.1 0.0177928
1415.2 0.0171501
1429.44 0.0165247
1443.82 0.0159163
1458.35 0.0153248
1473.03 0.0147498
1487.85 0.014191
1502.82 0.0136483
1517.95 0.0131214
1533.22 0.0126099
1548.65 0.0121136
1564.23 0.0116323
1579.97 0.0111656
1595.87 0.0107134
1611.93 0.0102753
1628.15 0.00985107
1644.53 0.00944042
1661.08 0.00904307
1677.8 0.00865876
1694.68 0.00828721
1711.73 0.00792815
1728.96 0.00758129
1746.35 0.00724638
1763.92 0.00692312
1781.67 0.00661126
1799.6 0.00631051
1817.71 0.00602061
1836 0.00574129
1854.47 0.00547228
1873.13 0.00521332
1891.98 0.00496414
1911.02 0.00472448
1930.25 0.00449408
1949.67 0.00427268
1969.29 0.00406004
1989.11 0.00385589
2009.12 0.00365998
2029.34 0.00347208
2049.75 0.00329193
2070.38 0.0031193
2091.21 0.00295394
2112.25 0.00279563
2133.51 0.00264413
2154.97 0.00249922
2176.66 0.00236067
2198.56 0.00222826
2220.68 0.00210178
2243.03 0.00198101
2265.59 0.00186574
2288.39 0.00175576
2311.42 0.00165089
2334.67 0.0015509
2358.16 0.00145562
2381.89 0.00136486
2405.86 0.00127841
2430.07 0.00119612
2454.52 0.00111778
2479.21 0.00104323
2504.16 0.0009723
2529.35 0.000904816
2554.8 0.000840616
2580.51 0.000779538
2606.47 0.000721425
2632.7 0.000666121
2659.19 0.000613476
2685.94 0.000563341
2712.97 0.000515569
2740.27 0.000470019
2767.84 0.000426551
2795.69 0.000385025
2823.82 0.000345305
2852.23 0.000307259
2880.93 0.000270754
2909.91 0.000235658
2939.19 0.000201841
2968.76 0.000169176
2998.63 0.000137532
3028.8 0.000106782
3059.28 7.6796e-05
3090.06 4.74455e-05
3121.15 1.85994e-05
3152.55 -9.87483e-06
3184.27 -3.81118e-05
3216.31 -6.62492e-05
3248.67 -9.44278e-05
3281.36 -0.000122793
3314.37 -0.000151495
3347.72 -0.000180689
3381.4 -0.000210539
3415.42 -0.000241214
3449.79 -0.000272893
3484.5 -0.000305765
3519.56 -0.00034003
3554.97 -0.000375901
3590.73 -0.000413604
3626.86 -0.000453382
3663.35 -0.000495493
3700.21 -0.000540219
3737.44 -0.000587858
3775.04 -0.000638737
3813.02 -0.000693207
3851.39 -0.000751648
3890.14 -0.000814472
3929.28 -0.00088213
3968.81 -0.000955107
4008.74 -0.00103393
4049.07 -0.00111919
4089.81 -0.0012115
4130.96 -0.00131155
4172.52 -0.00142009
4214.5 -0.00153793
4256.91 -0.00166595
4299.74 -0.00180512
4343 -0.00195648
4386.69 -0.00212116
4430.83 -0.00230039
4475.41 -0.00249551
4520.43 -0.00270795
4565.91 -0.00293926
4611.85 -0.0031911
4658.25 -0.00346523
4705.12 -0.00376354
4752.46 -0.00408802
4800.27 -0.00444075
4848.57 -0.00482389
4897.35 -0.00523966
4946.62 -0.00569028
4996.39 -0.00617794
5046.66 -0.00670472
5097.43 -0.00727249
5148.72 -0.0078828
5200.52 -0.00853667
5252.84 -0.00923441
5305.69 -0.00997527
5359.07 -0.0107571
5412.99 -0.0115759
5467.45 -0.0124249
5522.46 -0.0132942
5578.02 -0.0141691
5634.14 -0.0150289
5690.82 -0.0158451
5748.08 -0.0165787
5805.91 -0.0171767
5864.32 -0.0175676
5923.32 -0.0176552
5982.91 -0.0173091
6043.11 -0.0163516
6103.91 -0.0145358
6165.32 -0.0115065
6227.35 -0.00670805
6290 0.00101433
6353.28 0.00782921
6417.2 0.0119243
6481.76 0.0142895
6546.97 0.0154597
6612.84 0.0157943
6679.37 0.0155505
6746.57 0.0149164
6814.45 0.0140314
6883.01 0.0129981
6952.26 0.0118917
7022.2 0.0107669
7092.85 0.00966186
7164.21 0.00860309
7236.29 0.00760766
7309.09 0.00668574
7382.63 0.00584239
7456.9 0.00507886
7531.92 0.00439375
7607.7 0.00378378
7684.24 0.00324447
7761.55 0.00277062
7839.64 0.00235663
7918.51 0.00199683
7998.17 0.00168563
